1: 0.448323 -0.247536 0.456485
2: 0.531868 -0.209536 0.441207
3: 0.615854 -0.216536 0.440591
4: 0.701185 -0.224536 0.443384
5: 0.689380 -0.226536 0.329209
6: 0.614627 -0.202536 0.326793
7: 0.543321 -0.202536 0.326736
8: 0.465998 -0.254536 0.338026
9: 0.493388 -0.244536 0.181475
10: 0.555043 -0.221536 0.179660
11: 0.615715 -0.219536 0.179524
12: 0.676888 -0.245536 0.181615
13: 0.667532 -0.217536 0.104288
14: 0.614442 -0.202536 0.104135
15: 0.560405 -0.203536 0.104144
16: 0.508826 -0.217536 0.101399
